bins	0-1	1-2	2-3	3-4	4-5	5-6	6-8	8-10	10-13	13-17	17-24	24-49	49-303
0-1	0.0	0.0700164196221	0.0959331404322	0.0992416601821	0.101243310082	0.10127666992	0.100153766319	0.0985439876054	0.0969443403977	0.0946242220265	0.0919786411953	0.0881883301284	0.0835205459054
1-2	0.162137217336	0.264089943757	0.302256715418	0.301156115753	0.295999214343	0.291133976222	0.285251063523	0.279324493251	0.273749722009	0.265788869246	0.257197151861	0.24523494326	0.231858544267
2-3	0.292366913714	0.39643044576	0.436950923715	0.432399690468	0.421083403802	0.411146759066	0.400258505306	0.390265159241	0.380025987219	0.367413829858	0.353554129926	0.333995486422	0.31244609321
3-4	0.382900308337	0.482191482682	0.520939883958	0.514996324812	0.500714463168	0.487411670082	0.473100025075	0.459362246966	0.44589008234	0.429723234877	0.411958192712	0.386879525703	0.359145469024
4-5	0.458056548271	0.548725370552	0.585456675528	0.57986670633	0.564502892595	0.549734639003	0.533279785332	0.516920899784	0.500827696968	0.482060080261	0.461354451309	0.431561493864	0.398686346826
5-6	0.521930633581	0.603788779531	0.638256143987	0.633780502498	0.618753268461	0.603658625027	0.585985213973	0.567900295157	0.550289772898	0.529796483355	0.506889872264	0.473609013189	0.436361393279
6-7	0.575711488452	0.649458956081	0.681745990512	0.678615613359	0.66449797295	0.64946348489	0.631397988198	0.612477923137	0.594056309809	0.572674513334	0.54834014316	0.512661440361	0.472108563869
7-8	0.622411731814	0.688676179798	0.718948497567	0.716997567532	0.703790586045	0.689191918093	0.671249452786	0.652125018087	0.633370232942	0.61179372281	0.586459436802	0.54902137204	0.50610428082
8-9	0.662587220463	0.722500323904	0.750700805617	0.749643805453	0.737479151892	0.72347572831	0.705930972386	0.687069083591	0.668400498459	0.646719429975	0.621070825216	0.582624885571	0.537923404341
9-10	0.697252262607	0.751573956713	0.777977778238	0.777407689126	0.76630811971	0.75287553554	0.736061350551	0.717724181093	0.699454009357	0.677894965773	0.652262257342	0.613380308671	0.567588774008
10-11	0.727788565603	0.777063735259	0.801623991647	0.801559638525	0.791386787574	0.778613462892	0.762658758413	0.745077577035	0.727207994	0.706142679854	0.680808365834	0.641871368602	0.595555203071
11-12	0.754577965032	0.799448413312	0.822197108431	0.822579486162	0.813279428299	0.801275858365	0.78633713869	0.769265183105	0.752154230943	0.731571063226	0.706724353498	0.66810176758	0.621450784135
12-13	0.778149364271	0.818950149313	0.840063876746	0.840685294117	0.832266134632	0.821003535269	0.806931491421	0.790690376198	0.774241548419	0.754394226828	0.730139728344	0.692113656514	0.645569374397
13-14	0.799105552045	0.836198109906	0.855797420223	0.856727396587	0.848962530962	0.838520546829	0.825201101085	0.809832133424	0.794118462452	0.775009959066	0.751551103502	0.714313294091	0.668068692807
14-15	0.817587243037	0.8514417355	0.869618700585	0.870744885262	0.863619392822	0.854002370084	0.841403296717	0.826833430929	0.812056974596	0.793591242626	0.770905269154	0.734588526964	0.689080381633
15-16	0.834000090241	0.864941794108	0.881830073493	0.883067791136	0.876497156676	0.86755735617	0.855747604634	0.842050373504	0.827991971647	0.810419299987	0.788473815601	0.753236245625	0.708496897055
16-17	0.848770914683	0.877017986721	0.892698750687	0.894037686848	0.887989208292	0.879689661627	0.868614325031	0.85573246647	0.842388242565	0.825654732297	0.804570318462	0.770520801831	0.726777368464
17-18	0.861982414963	0.887860955767	0.902407164888	0.903809200415	0.898259672062	0.890579598284	0.880206834323	0.868176873862	0.855437298649	0.839515454675	0.819352595643	0.786509480796	0.743798606031
18-19	0.873798339177	0.897563702939	0.911096899712	0.91250170539	0.907441422975	0.900253800664	0.890575405934	0.879336042406	0.867280053675	0.852145595437	0.832917653828	0.801326663368	0.759787027266
19-20	0.88454415593	0.906366906016	0.91892214723	0.920299718147	0.915672723849	0.909004773666	0.899937783951	0.889481022254	0.878014448623	0.863677332018	0.845386582651	0.815096696428	0.774703247392
20-21	0.894208429618	0.914269276377	0.926032174035	0.927307233375	0.92306270607	0.916883973287	0.90840802352	0.898614062786	0.887798273744	0.874218114661	0.856860225018	0.827816658963	0.788845979264
21-22	0.902921547738	0.921374149238	0.932351747787	0.933586755807	0.929688657106	0.923962842208	0.916038197383	0.906885064015	0.896699768697	0.883845103693	0.867370727048	0.839608146667	0.801916330188
22-23	0.91087705043	0.927825113911	0.938045139709	0.939278224103	0.935704891784	0.930381459886	0.922990646807	0.914396513266	0.904832985271	0.892653690812	0.87705686762	0.850542724379	0.814240348571
23-24	0.918065448576	0.933697965917	0.943187658214	0.944406010611	0.941124117948	0.936178375151	0.929295718463	0.921194452512	0.912250594656	0.900776161119	0.8859921388	0.860692296594	0.825754731029
24-25	0.924606910624	0.939023423553	0.947851949294	0.949025065538	0.946004858558	0.941421965771	0.935005753648	0.927393670367	0.919013116083	0.908192560596	0.894171603227	0.870066509448	0.83654364229
25-26	0.930586027591	0.943893212161	0.952100123369	0.95322748219	0.950463193442	0.946196667931	0.940210771871	0.933089730289	0.925189044431	0.915028570854	0.90179659151	0.878846465804	0.846683334161
26-27	0.936016884464	0.94831101352	0.955964110446	0.957033405978	0.954500274482	0.950529634165	0.944968754073	0.938267589554	0.930855711597	0.921300736504	0.908815314652	0.887000408127	0.856105467758
27-28	0.940988046335	0.952349088644	0.959470059278	0.960487234749	0.958181647393	0.954467054003	0.949250105535	0.943013603224	0.936037523071	0.927075056542	0.915272777221	0.894566683215	0.864961107982
28-29	0.94554093009	0.956049544793	0.962673747534	0.963667961299	0.961521469157	0.958063750528	0.953208815477	0.947351600656	0.940809545666	0.932408844942	0.921240091403	0.90161288197	0.873256009685
29-30	0.949691891614	0.959411436977	0.965589381119	0.966532266998	0.96454504399	0.961332285565	0.956803204222	0.951337640589	0.945183806662	0.937313083592	0.926766488712	0.9081429104	0.881085847305
30-31	0.953482293727	0.962479928331	0.968273041978	0.969142057014	0.967306733217	0.964314316025	0.960093428004	0.954985289589	0.949223122276	0.941845768348	0.931904326473	0.914231797804	0.888368434342
31-32	0.956978749487	0.965304661485	0.970701605104	0.971525630853	0.969840052847	0.96703513823	0.963102743653	0.95832737453	0.95295403547	0.946013753918	0.936658542046	0.919893877528	0.895272100255
32-33	0.960180826344	0.967884961446	0.972918867282	0.973735270654	0.972139986625	0.969529761251	0.965860423624	0.961405719798	0.956381650659	0.949862403397	0.941042562207	0.925156050072	0.901709982728
33-34	0.963095607342	0.970252454681	0.974939110487	0.975738090232	0.974253613022	0.971833755342	0.968390772109	0.964242924623	0.959522174364	0.953400653028	0.945105263264	0.930062843915	0.907724703643
34-35	0.965808251223	0.972428765495	0.976808128318	0.977567095685	0.976173500551	0.973940774838	0.970727063025	0.966848865183	0.962422280086	0.956650358921	0.948859610228	0.934628252753	0.913363201022
35-36	0.968268879294	0.974434327752	0.978515309135	0.979258560743	0.977934502886	0.975861223175	0.972855949209	0.969250639465	0.965082191143	0.959680714153	0.952340697423	0.938846434556	0.918610188536
36-37	0.970536183504	0.976273841855	0.980086934812	0.980790751146	0.979570693396	0.977651779652	0.974836673808	0.97145077802	0.967562777694	0.962471692926	0.955561347777	0.942776183221	0.923526811502
37-38	0.972633008021	0.977971153447	0.981540938641	0.982204797108	0.981081886293	0.979277176192	0.976658333506	0.97349177302	0.969839889472	0.965052293169	0.958569265419	0.946485429303	0.928109293297
38-39	0.97456703065	0.979536473324	0.98287321289	0.983501837804	0.982462285017	0.98078399083	0.978341096755	0.975355805167	0.971947726061	0.967455711766	0.961350952532	0.949915005289	0.932400075964
39-40	0.976351606444	0.980976085053	0.984095453182	0.984693744637	0.983736004745	0.982163978522	0.979876128107	0.977103080493	0.973883256716	0.969680333735	0.963931522161	0.953101491782	0.936466599191
40-41	0.978002766875	0.982309109329	0.985234055498	0.985793498207	0.98491326377	0.983449428769	0.9813039256	0.978703021503	0.975680936242	0.971746759087	0.966318611228	0.95609597256	0.940286922599
41-42	0.979521971807	0.983547573293	0.986281736219	0.98681183074	0.985993579047	0.984625189679	0.982624113256	0.98018469439	0.977345613835	0.97365383939	0.968549303212	0.9588876127	0.943840724363
42-43	0.980944068738	0.984688813792	0.987241024645	0.98775326896	0.986999133563	0.985722428392	0.983840289708	0.981561806306	0.978909574924	0.975434663864	0.970636918329	0.9614927495	0.947195803849
43-44	0.98225370206	0.985743090712	0.988136262886	0.988630703531	0.987916699272	0.986742180933	0.984975308954	0.982839031742	0.980346021326	0.97708119348	0.972570303117	0.963928127842	0.950358455426
44-45	0.983469525593	0.986727033414	0.988969200534	0.989438528512	0.988778640301	0.98767849015	0.986025867772	0.98401004432	0.981703381187	0.978640406316	0.974376666337	0.966214398615	0.953321125851
45-46	0.984594918651	0.987632640168	0.989730347966	0.990188645285	0.989556345424	0.988533169089	0.986984392921	0.985103453327	0.982941329622	0.980073363322	0.976059595565	0.968348572874	0.956162584677
46-47	0.985651752163	0.98847348446	0.990444865039	0.99087158071	0.990286823446	0.989330305372	0.987882654414	0.986121859608	0.98409314104	0.981392661371	0.977616675403	0.97034532362	0.958774388889
47-48	0.986604908285	0.98925335852	0.991102026009	0.991508529438	0.9909669903	0.990069165149	0.988712568756	0.987065052283	0.985164175079	0.982635086201	0.979073729307	0.972185324609	0.961200958759
48-49	0.987507942404	0.989982190875	0.99171130148	0.992094485095	0.991594802329	0.990746338163	0.989483239949	0.987933523404	0.986155388816	0.983778602257	0.980418360598	0.973921357883	0.963492649254
49-50	0.988350851748	0.99065768655	0.99227430792	0.99263436412	0.992170742577	0.991382113274	0.990197326684	0.988746322397	0.987070387246	0.984838677494	0.981680761763	0.975536067185	0.965683090299
50-51	0.989126823617	0.991284374131	0.992797111839	0.993140127851	0.992705029341	0.991962115608	0.990853271343	0.989497579791	0.987920846718	0.985829128993	0.982856102003	0.977073403584	0.967743147948
51-52	0.989852673483	0.991863002246	0.993280036531	0.993610966874	0.993198740185	0.992499425005	0.991467294626	0.990203673875	0.988716401818	0.986747552223	0.98395379427	0.978496854408	0.969668326222
52-53	0.990527725483	0.99240264034	0.993734739587	0.994043073946	0.993672311699	0.993007034967	0.992033085499	0.990854412151	0.989457243962	0.987603708864	0.984993161757	0.979842117162	0.971443518632
53-54	0.99115211479	0.992900723441	0.994152416008	0.994452907149	0.994100068095	0.993473765039	0.99256149357	0.991469019779	0.990149976987	0.988410052232	0.985953211804	0.981095775562	0.973153249586
54-55	0.991725598094	0.993365903726	0.994536622024	0.994819871397	0.994496240671	0.99391070934	0.993058265906	0.99202988834	0.990784328257	0.989152837024	0.986849502422	0.982259459941	0.974756695592
55-56	0.992272830876	0.993802869324	0.994897550894	0.995166870104	0.994869524267	0.994305910395	0.993521818035	0.992556805339	0.991385979363	0.98985732876	0.98769364884	0.983361463376	0.976260690539
56-57	0.99277570001	0.994207913914	0.995234460946	0.995487607829	0.995211930034	0.994685053034	0.993949491268	0.993043584984	0.991951006286	0.99051355043	0.988473076773	0.984383546513	0.977665953784
57-58	0.993248128272	0.994585455627	0.995549463097	0.995785771902	0.995530963774	0.995037604319	0.994350201616	0.993498732739	0.99247749487	0.991117303078	0.989215847475	0.985338514261	0.978995684579
58-59	0.993685871243	0.9949396426	0.995837707941	0.996065169565	0.995826997062	0.995363132572	0.994715435899	0.993923267853	0.992964328524	0.991685095424	0.98989556916	0.986236522238	0.980258515205
59-60	0.994100256387	0.995264117631	0.996110624861	0.996326370406	0.996108576107	0.995672041228	0.995064261495	0.994316838861	0.993416994495	0.992211436524	0.990528084004	0.987080287667	0.981421894771
60-61	0.994481551278	0.995571754666	0.996362299484	0.996568594989	0.996361098038	0.995955265054	0.995383707216	0.994682714392	0.993837119816	0.992706626385	0.991127564714	0.987875007235	0.982488520866
61-62	0.994832648607	0.99585844239	0.996598988494	0.99679403173	0.996599611616	0.996221437605	0.995684864366	0.995024127927	0.994229681291	0.993168547584	0.991690459234	0.98861378599	0.983521337198
62-63	0.99515984742	0.996127580308	0.996817496989	0.997008106699	0.996818877642	0.996466932787	0.995961851601	0.995344629269	0.994600868025	0.99360330117	0.992214423207	0.989312417787	0.984494806605
63-64	0.995466905515	0.996376443906	0.997023758358	0.997199518081	0.99702811116	0.996693261475	0.996224659152	0.995641441839	0.994942449148	0.994006544631	0.992700877454	0.989967607994	0.985396520184
64-65	0.995756174894	0.996608984958	0.997213417646	0.997384783913	0.9972182086	0.99690754635	0.99647304532	0.995922754783	0.995263229776	0.994387070657	0.993156215679	0.990581870041	0.986267661105
65-66	0.996029466871	0.996821705776	0.997392693502	0.997555360384	0.997401134654	0.997109269401	0.996698201514	0.996182522896	0.995562699469	0.99473820398	0.993579123622	0.991161351644	0.987079095423
66-67	0.996278562952	0.997022423999	0.997560482923	0.997714665017	0.997568640373	0.997296876586	0.99690872148	0.996430938674	0.995844112291	0.995066906976	0.993979085273	0.991703029893	0.98783262153
67-68	0.996514439151	0.99721057509	0.997714503837	0.997861618594	0.997727153992	0.99747049741	0.99710863354	0.996657493301	0.996108935762	0.995375655953	0.994350062138	0.992206157552	0.988540468488
68-69	0.996732337394	0.997386895404	0.997860670616	0.997998109749	0.997875226372	0.997632721939	0.997291143259	0.996867388467	0.996360136823	0.995664738017	0.994702852469	0.992680822308	0.989223497642
69-70	0.996941097969	0.997552072204	0.997993316112	0.998125667373	0.998013414875	0.997782773154	0.997463474759	0.997064876902	0.996592898182	0.995934978607	0.995030174549	0.99312148782	0.989843583087
70-71	0.997135449143	0.997707124118	0.998120104288	0.998243721879	0.998140827721	0.997920953228	0.997625090929	0.997256074105	0.996805720417	0.9961851934	0.995337747191	0.993531550618	0.990439749923
71-72	0.997318418784	0.997851302515	0.998239684916	0.998355391009	0.998257910799	0.998052485463	0.997776421458	0.997430436113	0.997002208521	0.996418325255	0.995628696204	0.99392310234	0.990999769087
72-73	0.997484275573	0.997984779214	0.998351202219	0.998457467087	0.998371872654	0.99818008943	0.997915210485	0.997589649961	0.997185329437	0.996639685674	0.995899505053	0.99429013113	0.991528496235
73-74	0.997641697592	0.998111334171	0.998455702147	0.998554266985	0.998472420674	0.998296426605	0.998047124515	0.997739022776	0.997357667274	0.99684482448	0.996153796835	0.994627712026	0.992024492656
74-75	0.997785386073	0.99822875832	0.998551853492	0.998647739294	0.998571259452	0.998403612211	0.998168591769	0.9978781328	0.997521646631	0.997038981398	0.996387309082	0.994952250254	0.992497469663
75-76	0.997922261855	0.998339371182	0.998643250518	0.998731288788	0.998663186947	0.998499703696	0.998282834904	0.998012990093	0.997672418312	0.997224345627	0.996609170581	0.995260145496	0.992945089348
76-77	0.998050729901	0.998442068223	0.998727173754	0.998811210909	0.998749020623	0.998595190833	0.998391304115	0.998133296715	0.997816713765	0.997395892774	0.996816397604	0.995542974364	0.993353863773
77-78	0.998171033521	0.998536518082	0.998807046311	0.998885946786	0.998829466471	0.998684548144	0.99849271034	0.998253040993	0.997952427419	0.997558431901	0.997008173177	0.995808786627	0.993745373637
78-79	0.998281739887	0.998625064825	0.998880186753	0.998956965355	0.998903632712	0.998763458851	0.99858544225	0.998359956782	0.99807557145	0.997707835829	0.997190713402	0.996057310564	0.994114943124
79-80	0.998386579761	0.998708506171	0.998952699624	0.999019170307	0.998970813355	0.998842714901	0.998674280119	0.998461987202	0.998195174292	0.997847011527	0.99736291714	0.996294965612	0.994459874645
80-81	0.998486661559	0.998786952572	0.999016027151	0.999080505888	0.999035170033	0.998913769072	0.998758982246	0.998558077855	0.998305302062	0.997978794189	0.997523434609	0.996515773883	0.994780707717
81-82	0.998577443482	0.998860158576	0.999074676429	0.99913728477	0.999095885282	0.99898003162	0.998838205859	0.998646260536	0.998410357319	0.99810304026	0.997673011742	0.996721433639	0.995079240733
82-83	0.998664332434	0.99892852918	0.999134314604	0.999194693195	0.999153107733	0.999043358757	0.998909963653	0.998728538597	0.99850931918	0.998219606188	0.99780742159	0.996915952784	0.995365724525
83-84	0.998745544136	0.998994469811	0.999186155697	0.999244277287	0.999204793725	0.999105563533	0.998977585706	0.998806107021	0.998600273488	0.998329317407	0.99793756897	0.997096682027	0.995636022792
84-85	0.998822781764	0.99905471596	0.999237445289	0.999292572312	0.99925399017	0.999163796872	0.999039836667	0.99887854405	0.998686378602	0.998429805276	0.998060008385	0.997271059763	0.995888337142
85-86	0.998893179658	0.999112298956	0.99928350513	0.999336250681	0.999301551687	0.999215037031	0.999096582258	0.998946130856	0.998766486027	0.998526309518	0.99817374526	0.997435621533	0.996124645807
86-87	0.99895998196	0.999165942451	0.999327282898	0.999377500808	0.99934714386	0.999263169109	0.999151474823	0.999010484179	0.998842797042	0.99861603083	0.998289862013	0.997589620102	0.996349264925
87-88	0.999023323844	0.999216309164	0.99936887368	0.999415693149	0.999389131762	0.999307113913	0.999205830278	0.999073009882	0.998912918954	0.998701804403	0.998390847002	0.997734074429	0.996558777554
88-89	0.999082367239	0.999263620002	0.999406813144	0.999452086793	0.999428295699	0.999349072998	0.999255862004	0.999127803346	0.998978351184	0.998784204455	0.998487285358	0.997865723845	0.996764693399
89-90	0.999139112699	0.99930965449	0.999441785914	0.999484133585	0.999462814957	0.999390168727	0.999301435723	0.999177535706	0.999039923199	0.998857847708	0.998577081366	0.9979923464	0.996945611601
90-91	0.999193425053	0.999350927213	0.999476929839	0.999515400942	0.999497557159	0.999428501719	0.999344350751	0.999228322464	0.999098049734	0.998927543222	0.998661904494	0.998108201962	0.997124911249
91-92	0.999243898505	0.999389806781	0.999507718808	0.999543550556	0.999526502801	0.999463251784	0.999383640292	0.999276227204	0.999152284151	0.998993255111	0.998742109948	0.998220728927	0.997290003604
92-93	0.999286856359	0.999425790018	0.999536967377	0.999572419649	0.999557752204	0.999497656507	0.999421801903	0.999320863316	0.999203424017	0.999053404278	0.998817484604	0.998324051302	0.997449520944
93-94	0.999332625804	0.999459269646	0.999564960807	0.999597781283	0.99958476566	0.999529816506	0.999457573379	0.999362265946	0.999253160168	0.999110825917	0.998887389092	0.99842166751	0.997594830991
94-95	0.999372339516	0.999491558832	0.99959244077	0.999623412721	0.999609066622	0.999557228048	0.999490310187	0.999401348903	0.99929849376	0.999164838146	0.998957151497	0.998512660489	0.99773726361
95-96	0.999411701779	0.999521184867	0.999618418368	0.99964604633	0.999632773066	0.999584984933	0.999519528929	0.99943779587	0.99933974382	0.999216768841	0.999022935598	0.998601004177	0.997867287328
96-97	0.99944865797	0.999549829094	0.99964066858	0.999668290221	0.99965618225	0.999609072556	0.999547942008	0.999472731536	0.999380387731	0.999262849707	0.999082041832	0.998683132218	0.997990656996
97-98	0.999480910154	0.999576460616	0.999662043998	0.999688765393	0.999677622091	0.999633203347	0.999575656845	0.999505734141	0.999416788596	0.999309181792	0.999134114992	0.998759655989	0.998109171006
98-99	0.999511648405	0.999601361703	0.999682126241	0.999706332671	0.99969545766	0.999654441896	0.999601464944	0.999533499912	0.999452104772	0.999350453595	0.999186934084	0.998834209773	0.998213297883
99-100	0.999541900034	0.999625575525	0.999701999294	0.999723959905	0.999714445109	0.999676155291	0.999625661715	0.999560422165	0.999484103079	0.99938924909	0.99923563279	0.998904042384	0.998319402992
100-101	0.999568664211	0.999647887095	0.999720274895	0.99974017816	0.999731649002	0.999696530484	0.99964771005	0.999586992953	0.999512560197	0.999427362703	0.999282058179	0.998966980044	0.998412020162
101-102	0.999594401075	0.999668775045	0.999737447495	0.999755467088	0.999748592792	0.999713538591	0.999669409263	0.999612052439	0.999540602581	0.999460954362	0.99932308444	0.999027743926	0.998501400228
102-103	0.999618380695	0.999688656642	0.999753669231	0.999770546168	0.999764161758	0.999729769677	0.999688020098	0.999637744563	0.999567687887	0.999493720585	0.999364963196	0.999083922495	0.998582687531
103-104	0.999641738522	0.999707985972	0.999768483689	0.999785205552	0.999779099047	0.999743281194	0.999707946851	0.999659816593	0.999594262752	0.999524154054	0.999404106867	0.999138436766	0.998662356282
104-105	0.999662609172	0.999724848512	0.999781966937	0.99979698702	0.999791398158	0.999758174079	0.999726396553	0.999679568952	0.999620040051	0.999552182991	0.999439556399	0.999187958141	0.998739687123
105-106	0.999683723134	0.999740851971	0.999794936719	0.999809278119	0.999804143158	0.999772635286	0.999741892155	0.999698758965	0.999642403773	0.999576766631	0.999472412929	0.99923737762	0.998810184076
106-107	0.999702458057	0.999756855429	0.999807107775	0.999820879717	0.999816182167	0.999788477863	0.999756850647	0.999717070315	0.999664288955	0.999603180585	0.999503067184	0.999284215738	0.998874746337
107-108	0.999720327876	0.999770895273	0.999818974555	0.999831581967	0.999827663815	0.999801082855	0.999770546933	0.999733308018	0.999684642813	0.999627477116	0.999533259671	0.999325653376	0.998937869884
108-109	0.999736386381	0.999784481031	0.999829833419	0.999841714629	0.99983773348	0.99981364468	0.999784592339	0.999749932334	0.999703178223	0.99964901023	0.999559758018	0.999365698439	0.999002432145
109-110	0.999752201577	0.999797624976	0.999839646333	0.999850558224	0.99984743157	0.999824911472	0.999797402395	0.999764693883	0.999721362704	0.999669179581	0.999585688037	0.999404215064	0.999063577461
110-111	0.99976698946	0.999809087576	0.999849630403	0.999859551711	0.999856460827	0.999835055901	0.999809191943	0.99977906882	0.999737569224	0.99968988726	0.999610445876	0.999439301196	0.999118068729
111-112	0.999781479963	0.999820623812	0.999859081989	0.999867256132	0.999865601556	0.99984520033	0.999821223189	0.999791229524	0.999753424816	0.999707185529	0.999633356645	0.999472451307	0.9991716608
112-113	0.999794267292	0.99983189005	0.999867525659	0.999874990531	0.999873813349	0.999853143202	0.999831938519	0.999804936677	0.99976857855	0.999724268466	0.999655059716	0.999504412633	0.99921913834
113-114	0.999806946482	0.999841818576	0.999875094535	0.999882305233	0.999881504939	0.999862122101	0.999841901895	0.999816464743	0.999782073349	0.999740059417	0.999674773634	0.999534030355	0.999265357006
114-115	0.999818084705	0.999850716204	0.999882378151	0.999889949697	0.999888936426	0.999869676463	0.999851435584	0.999827676491	0.999794260142	0.999755993922	0.999692747044	0.999561813952	0.999307799049
115-116	0.999828952583	0.999859380654	0.999890498528	0.999895975334	0.999895513292	0.999877748838	0.99986080814	0.999838290748	0.999806191714	0.999771425987	0.999711395344	0.999588069112	0.999347003987
116-117	0.999839441977	0.999867762833	0.999896850298	0.999902810384	0.99990235026	0.999885605375	0.999869697298	0.999848940151	0.999817134305	0.999784920073	0.999728764905	0.999612931695	0.999385489569
117-118	0.999849255508	0.9998757032	0.999902783688	0.999908446302	0.99990799819	0.999892641723	0.999877377961	0.999857515908	0.999828236409	0.999797265725	0.999744322916	0.999634567577	0.999420198528
118-119	0.999859096074	0.99988290721	0.999908393784	0.999914172156	0.999913014444	0.999900584595	0.999885461455	0.999866126811	0.99983905139	0.999809037161	0.999760165091	0.999655524154	0.999454907487
119-120	0.999867422707	0.999889988495	0.999914270122	0.999918788812	0.999918253642	0.999906282743	0.999892685574	0.999873894197	0.999848398852	0.999820665043	0.999773627388	0.99967705814	0.99948458095
120-121	0.999875235684	0.999896922509	0.999919328718	0.999923855143	0.999923418526	0.999912283065	0.999899238307	0.999881731877	0.999858192949	0.999831180381	0.999786521356	0.999696078695	0.999512995538
121-122	0.999882724246	0.99990246972	0.999923531535	0.999928441822	0.999927914575	0.999917161024	0.999904877954	0.999889147798	0.999866104794	0.999840224289	0.999799344283	0.999713434952	0.999536554469
122-123	0.999889618049	0.999908372836	0.999927924526	0.999933178392	0.999931667476	0.999922427494	0.999911430686	0.999895685055	0.999873410489	0.999849304086	0.999812060648	0.999730587417	0.999564069861
123-124	0.999896430748	0.999914226862	0.999932317517	0.999937075569	0.999936200683	0.999926442097	0.999916506369	0.999902714364	0.999880141937	0.999858419771	0.999824066602	0.999746686959	0.999587448953
124-125	0.999902675723	0.999919319988	0.99993627311	0.999940702942	0.999940213686	0.999931147386	0.999921259785	0.999908443251	0.999887160509	0.999866422912	0.99983387028	0.999760612723	0.999607231261
125-126	0.999908434076	0.999923873119	0.99993962015	0.999944000554	0.999944115217	0.999935852674	0.999926550311	0.9999135395	0.999893668639	0.999874713161	0.999844455411	0.999773961077	0.999630790192
126-127	0.999913327324	0.999928401705	0.999943005225	0.999947328144	0.999947682331	0.999939780942	0.999930981463	0.999918706042	0.999901038139	0.999882142086	0.999854081486	0.999787139605	0.999649493465
127-128	0.99991892347	0.9999328812	0.999946314231	0.999950176082	0.999950729241	0.999943234365	0.999934929216	0.999923696851	0.999906589191	0.999889355679	0.999862570903	0.999799842618	0.999671254004
128-129	0.999923059752	0.999936980246	0.999949756358	0.999953143933	0.999954519299	0.999946169774	0.99993898439	0.999928125316	0.999912172146	0.999895528505	0.999870278867	0.999812036153	0.999692654865
129-130	0.999927736724	0.999940698841	0.99995253288	0.999955901935	0.999956934532	0.999949018848	0.999942609878	0.999932624074	0.999916606607	0.999901557777	0.999877063297	0.999822667285	0.999709379907
130-131	0.999931710799	0.999944282437	0.99995532842	0.99995827022	0.999959386923	0.999951997425	0.999946477064	0.999937333711	0.999921104874	0.999907120499	0.999884522617	0.999833230486	0.999726644467
131-132	0.999935820046	0.999947497856	0.999957800666	0.999959799113	0.999961690684	0.999955364512	0.999949887708	0.999940988951	0.999925730751	0.999911965449	0.999890525594	0.999843080417	0.999740492083
132-133	0.999939875224	0.999950836001	0.999960596205	0.999962107441	0.999963622871	0.999958299921	0.999952814953	0.999945452563	0.999930324725	0.999918640715	0.999897238982	0.999852692591	0.999755778412
133-134	0.999943443781	0.99995376915	0.999962992382	0.999964535683	0.999966038104	0.999960933156	0.999955581066	0.999948721191	0.999934695381	0.999923593331	0.999902922274	0.999861285806	0.999769446189
134-135	0.999946714958	0.999956542756	0.999965388559	0.99996669412	0.999967747346	0.999962703035	0.999958776866	0.999951954673	0.999938204667	0.999927935843	0.999908037237	0.999868961959	0.999782754287
135-136	0.999949850963	0.99995883773	0.999967518494	0.999968852557	0.999969791005	0.999964904592	0.999961193857	0.999954450078	0.99994168205	0.999931740026	0.999914111254	0.999876807938	0.999796781742
136-137	0.999952770691	0.999961169522	0.999969401204	0.999970651254	0.999971388775	0.999966803975	0.999964013681	0.999957437534	0.999945414654	0.999935723653	0.999919226217	0.999884008577	0.999808471288
137-138	0.999955582281	0.999963587223	0.999971436052	0.999972030255	0.999973581063	0.999968617022	0.999966376962	0.999960108672	0.999948700622	0.999939491948	0.999924270138	0.999890631806	0.999818542281
138-139	0.99995820463	0.999965919015	0.9999729194	0.999973499192	0.999975141676	0.999970300565	0.999968122567	0.999962990688	0.999951412342	0.999943224354	0.999928532607	0.999897322966	0.999830771345
139-140	0.999960826978	0.999967870357	0.999974554885	0.99997544778	0.999976367871	0.999972070444	0.999970163582	0.999965169774	0.999954666407	0.999947100315	0.999932759555	0.999903640507	0.999839403625
140-141	0.999963016775	0.999969748063	0.999976019216	0.999977006652	0.999978002798	0.999973624484	0.999971962898	0.999967278567	0.999956835784	0.999950079062	0.999936418174	0.999909108917	0.999848395583
141-142	0.999965125467	0.999971773041	0.999977179269	0.999978355675	0.999979749198	0.999975523867	0.999973493659	0.999968719575	0.999960026044	0.999953021921	0.999940005752	0.999914543361	0.99985756738
142-143	0.999967017884	0.999973589384	0.999978301289	0.999979344958	0.999980901078	0.999977336914	0.999975078131	0.999970547196	0.999962642057	0.999955893003	0.999943664371	0.999919977806	0.999864760947
143-144	0.99996920768	0.999975074368	0.999979651515	0.999981173634	0.999981755699	0.999978502444	0.999976931158	0.999972093643	0.999964651921	0.999958764085	0.999946861223	0.999924631049	0.999871954514
144-145	0.99997064051	0.999976559351	0.999980925673	0.999982282831	0.999982833265	0.999980229155	0.999978059088	0.999973886117	0.999966661785	0.999961491613	0.99994977391	0.999929420153	0.99988130615
145-146	0.99997291141	0.999977872519	0.99998199064	0.999983392027	0.999984133775	0.999981481021	0.999979589849	0.999975362272	0.999968671648	0.999963967921	0.999952793158	0.99993339409	0.999888499717
146-147	0.999974776792	0.999979136595	0.999982846418	0.999984201441	0.999984951239	0.999982603383	0.999980878911	0.999976486962	0.999970330583	0.999966408341	0.999955705845	0.999937232167	0.999896232801
147-148	0.999976101483	0.999980474308	0.999983778264	0.999985010855	0.999986103119	0.999983380403	0.999981791997	0.99997782253	0.999972308544	0.999968561653	0.999958689574	0.999941070243	0.99990288685
148-149	0.99997739914	0.999981529751	0.999984862249	0.999986060095	0.999986920583	0.999984373262	0.999982651372	0.999979263539	0.999973839869	0.999970499633	0.99996096289	0.999944602632	0.99990936106
149-150	0.999978561625	0.999982732465	0.999986136406	0.999986719618	0.999987626574	0.999985279786	0.999983698735	0.999980493668	0.999975403097	0.999972365836	0.999963129645	0.999947591577	0.999915475592
150-151	0.999979643005	0.999983812453	0.999987011201	0.999987439096	0.99998840688	0.999985797799	0.999984638676	0.999981407478	0.999977030129	0.999973837266	0.999965367441	0.999950818278	0.999916734466
151-152	0.999980751421	0.999984659261	0.999987981082	0.999988188554	0.999989038557	0.999986229477	0.999985390629	0.999982497021	0.999978401941	0.999975165141	0.999967107949	0.999953909118	0.999919611893
152-153	0.999981832802	0.999985604251	0.999988722756	0.999988878054	0.999989484446	0.999986920162	0.999986276859	0.999983445977	0.999979390921	0.999976995456	0.99996902606	0.999956388583	0.999924827229
153-154	0.999982860113	0.999986598331	0.999989369343	0.999989447642	0.999990041807	0.999987654014	0.999987297366	0.999984465227	0.999980698928	0.999978502774	0.999970731048	0.999959547354	0.999929682886
154-155	0.999983779287	0.999987371504	0.999990072982	0.999990047208	0.999990710641	0.999988301531	0.999987861331	0.999985765649	0.999982262155	0.999979615318	0.999972400515	0.999961890958	0.999933819187
155-156	0.999984617357	0.999988095587	0.999990700552	0.999990826643	0.99999145379	0.99998890588	0.99998864014	0.999986820046	0.999983314941	0.999980871416	0.999974034461	0.999964200597	0.999938135327
156-157	0.999985563566	0.999988831942	0.999991309105	0.999991246339	0.999992048309	0.999989855571	0.999989042972	0.99998759327	0.999984240116	0.999982091626	0.999975632887	0.99996569507	0.999940832914
157-158	0.999986482739	0.999989494662	0.999991917658	0.999991785949	0.999992382726	0.999990632591	0.999989499514	0.999988366494	0.999985292902	0.999983311836	0.999977124751	0.999967834882	0.999943710341
158-159	0.99998756412	0.999990206472	0.999992298003	0.999992295579	0.999992717143	0.999991280108	0.999990197756	0.999989104571	0.999986409493	0.999984496157	0.999978723177	0.999969669007	0.99994604825
159-160	0.999988131845	0.999990697376	0.999992849504	0.999992715276	0.999993014402	0.999991970792	0.999990788577	0.999989842649	0.99998711135	0.999985465148	0.999979824315	0.999971706924	0.999948026481
160-161	0.999988834743	0.99999123737	0.999993267884	0.999993104993	0.999993460291	0.999992920484	0.999991379397	0.999990475286	0.999987621792	0.999986362361	0.999981032014	0.999973507083	0.999952702299
161-162	0.999989753916	0.99999161782	0.999993705282	0.999993584646	0.999993869023	0.99999317949	0.999991728518	0.999991002485	0.999988196039	0.99998711602	0.999982452837	0.999975341208	0.999954500691
162-163	0.999990402745	0.999991985998	0.99999406661	0.999993914407	0.999994277755	0.999993395329	0.999992185061	0.999991529683	0.999988929798	0.999987797902	0.999983198769	0.999976937576	0.999957378118
163-164	0.999990997504	0.999992354176	0.999994408921	0.999994244168	0.999994686487	0.999993740671	0.999992614748	0.999991951441	0.999989663558	0.999988551561	0.999984157824	0.999978058431	0.99995899667
164-165	0.999991565229	0.999992734626	0.99999469418	0.999994723821	0.999995095219	0.999994086014	0.999993259279	0.999992443493	0.999990237805	0.999989484662	0.999985045839	0.999979586868	0.999961874097
165-166	0.999992159989	0.999993078259	0.999995017474	0.999995053582	0.999995466793	0.999994474524	0.999993662111	0.999992900398	0.999990684441	0.99999002299	0.999986004894	0.999980707722	0.999963672488
166-167	0.999992673645	0.999993483254	0.999995283716	0.999995323387	0.99999565258	0.999994906202	0.999994118654	0.999993357303	0.999991131078	0.999990848426	0.999986573223	0.99998165875	0.999966190237
167-168	0.999993025093	0.99999388825	0.999995645044	0.999995533235	0.999995838367	0.999995251544	0.999994440919	0.999993919648	0.999991641519	0.999991207311	0.999987425717	0.999982813569	0.999967449111
168-169	0.999993349508	0.9999942687	0.999995968338	0.999995833018	0.999995986997	0.999995640054	0.99999479004	0.999994411699	0.999992088156	0.999992176302	0.999987851964	0.999983900458	0.999971405573
169-170	0.999993673922	0.999994514152	0.999996215562	0.999996072844	0.999996247099	0.999995855893	0.999995166017	0.999994622579	0.999992566695	0.999992858184	0.999988739978	0.999984919417	0.999973203964
170-171	0.999993944267	0.999994870057	0.999996519839	0.999996282692	0.999996470044	0.999996244403	0.999995541993	0.999995009191	0.999992917623	0.99999318118	0.999989414869	0.999985734583	0.99997410316
171-172	0.99999432275	0.999995115509	0.999996671977	0.999996462562	0.999996692988	0.999996632913	0.999995837403	0.999995255216	0.999993109039	0.999993504177	0.999989983198	0.999986617681	0.999975362034
172-173	0.999994728268	0.999995360961	0.999996748046	0.999996552497	0.99999695309	0.999996762416	0.999996052247	0.999995641828	0.99999361948	0.999994006616	0.999990516007	0.999987364917	0.999977699943
173-174	0.999995106752	0.999995630958	0.999997052322	0.999996792323	0.999997213192	0.999997107759	0.999996267091	0.999995923001	0.999993842798	0.999994365502	0.999991226418	0.999987908361	0.999978239461
174-175	0.999995350062	0.999995888682	0.999997299547	0.999996882258	0.999997361822	0.99999728043	0.99999650879	0.999996204173	0.999994193727	0.999994867941	0.999991723706	0.999988451806	0.999979498335
175-176	0.999995566338	0.999996158679	0.999997432668	0.999997062128	0.999997473294	0.999997453101	0.999996723634	0.999996379906	0.999994512753	0.999995262715	0.999992256515	0.999989063181	0.999980217692
176-177	0.999995944822	0.999996465494	0.999997584806	0.999997481824	0.999997621924	0.999997539436	0.999996857911	0.999996555639	0.999994799876	0.999995442157	0.999992789324	0.999989810417	0.999980757209
177-178	0.999996188132	0.999996772309	0.999997793996	0.999997691672	0.999997696239	0.999997539436	0.999997072755	0.999996801664	0.999995150805	0.999995836931	0.999993428694	0.999990319896	0.999982016083
178-179	0.999996431443	0.99999696867	0.999997946134	0.999997871541	0.999997807711	0.999997582604	0.999997341309	0.999996942251	0.999995406026	0.999996052262	0.999993925982	0.99999086334	0.999982915279
179-180	0.999996647719	0.999997214122	0.999998003186	0.999998021433	0.999997993498	0.999997755275	0.999997502442	0.99999704769	0.999995629344	0.999996195816	0.999994174626	0.999991338854	0.999983274958
180-181	0.999996836961	0.999997410483	0.999998098272	0.999998111368	0.999998067813	0.999997927946	0.999997663575	0.99999725857	0.999996012175	0.999996447036	0.999994494311	0.999991848333	0.999983634636
181-182	0.999996999168	0.999997520937	0.999998250411	0.999998321216	0.999998142128	0.99999805745	0.999997770997	0.999997469449	0.999996139786	0.999996554702	0.999994778476	0.999992357813	0.99998489351
182-183	0.999997134341	0.999997643663	0.999998383532	0.999998441129	0.999998327915	0.999998100618	0.999997905274	0.999997610035	0.999996299299	0.999996805921	0.999995169202	0.999993003153	0.999985792706
183-184	0.999997296548	0.999997766388	0.99999853567	0.99999859102	0.999998476545	0.999998100618	0.999998039551	0.999997680328	0.99999668213	0.999996949475	0.99999563097	0.99999330884	0.999986152384
184-185	0.999997458755	0.999997938205	0.999998592722	0.999998680955	0.999998625175	0.999998230121	0.999998093262	0.999997820914	0.999996873545	0.999997021252	0.999995950655	0.999993818319	0.999986691902
185-186	0.999997566893	0.999998073203	0.999998592722	0.999998710934	0.999998736647	0.999998359624	0.99999822754	0.999997996647	0.999997192571	0.999997164807	0.999996234819	0.999994090042	0.999987591098
186-187	0.9999977291	0.999998146839	0.999998630756	0.999998710934	0.999998810962	0.99999844596	0.999998308106	0.99999806694	0.999997288279	0.999997308361	0.999996376902	0.999994565556	0.999987950776
187-188	0.999997783169	0.99999824502	0.999998668791	0.999998800868	0.999998885277	0.999998575463	0.999998361817	0.999998242673	0.9999975435	0.999997416026	0.999996590025	0.999994871243	0.99998920965
188-189	0.999997891307	0.9999983432	0.999998782894	0.99999895076	0.999998959592	0.999998661799	0.999998415528	0.999998383259	0.999997734916	0.999997416026	0.999996980751	0.999995109	0.999989929007
189-190	0.999997999445	0.999998453654	0.999998839946	0.999999040695	0.999998996749	0.999998704967	0.999998442383	0.999998488699	0.999997766818	0.999997631357	0.999997087313	0.999995278826	0.999990468524
190-191	0.999998188687	0.999998527289	0.999998916015	0.999999100651	0.999999071064	0.999998920805	0.999998496094	0.999998664431	0.999997798721	0.999997739023	0.999997300436	0.999995584514	0.999991008042
191-192	0.999998242756	0.99999862547	0.99999895405	0.99999913063	0.999999182536	0.999999007141	0.999998684082	0.999998699578	0.999997862526	0.9999978108	0.999997584601	0.999995890201	0.99999136772
192-193	0.999998377929	0.999998686833	0.999999011102	0.999999250543	0.999999182536	0.999999093477	0.999998791504	0.999998769871	0.999997990136	0.999997990243	0.999997691163	0.999996127958	0.999991727398
193-194	0.999998513101	0.999998711378	0.999999049136	0.999999280521	0.999999256851	0.999999093477	0.999998979492	0.999998875311	0.999998117747	0.99999806202	0.999997762204	0.999996433646	0.999992087077
194-195	0.999998540136	0.999998809559	0.999999144223	0.999999400434	0.999999294009	0.99999922298	0.99999911377	0.999998875311	0.99999827726	0.999998205574	0.999997939807	0.999996637438	0.999992446755
195-196	0.999998621239	0.999998858649	0.999999258326	0.999999400434	0.999999294009	0.999999266148	0.999999194336	0.999999015897	0.999998436773	0.999998241462	0.999998010848	0.999996807264	0.999992626594
196-197	0.999998675308	0.999998932285	0.999999315378	0.999999460391	0.999999368324	0.999999395651	0.999999221192	0.999999051043	0.999998596286	0.999998313239	0.999998081889	0.999997011056	0.999992626594
197-198	0.999998783447	0.99999895683	0.99999937243	0.999999490369	0.999999368324	0.999999395651	0.999999328613	0.999999051043	0.999998691993	0.999998385016	0.999998223971	0.999997146917	0.999992986273
198-199	0.999998891585	0.999999018193	0.999999391447	0.999999490369	0.999999405481	0.999999438819	0.999999382324	0.99999908619	0.999998755799	0.999998456793	0.999998295012	0.999997248813	0.999993705629
199-200	0.999998918619	0.999999091828	0.999999448499	0.999999490369	0.999999516953	0.999999525154	0.999999489746	0.999999226776	0.999998883409	0.999998456793	0.999998437095	0.999997316743	0.999994065308
200-201	0.999998999723	0.999999140919	0.999999486534	0.999999520347	0.999999554111	0.99999961149	0.999999597168	0.999999261923	0.999998947214	0.999998564459	0.999998543657	0.9999975545	0.999994245147
201-202	0.999999080826	0.999999226827	0.999999505551	0.999999520347	0.999999554111	0.99999961149	0.999999597168	0.999999332216	0.999998979117	0.999998708013	0.999998579177	0.999997656396	0.999994424986
202-203	0.999999134895	0.999999239099	0.999999543585	0.999999520347	0.999999554111	0.99999961149	0.999999597168	0.999999367362	0.999999074825	0.99999877979	0.999998614698	0.999997758292	0.999994604825
203-204	0.999999134895	0.999999263645	0.999999562603	0.999999550326	0.999999591268	0.99999961149	0.999999624024	0.999999367362	0.999999170532	0.999998815679	0.999998721259	0.999997894153	0.999995144343
204-205	0.999999215999	0.999999263645	0.999999619654	0.999999550326	0.999999628426	0.99999961149	0.999999624024	0.999999437655	0.999999234338	0.999998851567	0.99999875678	0.999997962083	0.999995144343
205-206	0.999999270068	0.999999312735	0.999999619654	0.999999580304	0.999999628426	0.999999654658	0.999999677734	0.999999437655	0.999999298143	0.999998959233	0.999998898862	0.999998165875	0.999995324182
206-207	0.999999297102	0.999999349553	0.999999619654	0.999999610282	0.999999628426	0.999999654658	0.99999970459	0.999999437655	0.999999330045	0.999998995121	0.999998934383	0.999998267771	0.999995324182
207-208	0.999999324137	0.999999398643	0.999999638672	0.999999610282	0.999999628426	0.999999654658	0.999999731445	0.999999507948	0.999999361948	0.999999066898	0.999999005424	0.999998267771	0.999995504021
208-209	0.999999405241	0.999999423188	0.999999676706	0.999999640261	0.999999628426	0.999999654658	0.999999731445	0.999999543095	0.999999393851	0.999999102787	0.999999040945	0.999998369667	0.999995504021
209-210	0.99999945931	0.999999460006	0.999999695724	0.999999670239	0.999999665583	0.999999784161	0.999999758301	0.999999543095	0.999999393851	0.999999138675	0.999999040945	0.999998505528	0.999995863699
210-211	0.999999486344	0.999999484551	0.999999752775	0.999999700217	0.999999702741	0.999999784161	0.999999758301	0.999999578241	0.999999425753	0.999999246341	0.999999040945	0.999998573458	0.999995863699
211-212	0.999999513379	0.999999558187	0.999999752775	0.999999730195	0.999999702741	0.999999784161	0.999999758301	0.999999613388	0.999999457656	0.999999425784	0.999999040945	0.999998641389	0.999995863699
212-213	0.999999513379	0.999999582732	0.999999771793	0.999999760174	0.999999702741	0.999999784161	0.999999785156	0.999999613388	0.999999457656	0.999999461672	0.999999076465	0.999998709319	0.999996403217
213-214	0.999999594482	0.999999582732	0.999999771793	0.999999790152	0.999999702741	0.999999784161	0.999999785156	0.999999613388	0.999999489558	0.999999497561	0.999999111986	0.999998811215	0.999996403217
214-215	0.999999621517	0.99999961955	0.99999979081	0.999999790152	0.999999702741	0.999999784161	0.999999785156	0.999999648535	0.999999553364	0.999999533449	0.999999147506	0.999998811215	0.999996403217
215-216	0.99999970262	0.99999961955	0.999999809827	0.99999982013	0.999999702741	0.999999784161	0.999999785156	0.999999648535	0.999999617169	0.999999533449	0.999999289589	0.999998879146	0.999996762895
216-217	0.99999970262	0.999999644095	0.999999809827	0.99999982013	0.999999739898	0.999999827329	0.999999785156	0.999999648535	0.999999617169	0.999999605226	0.99999939615	0.999998981042	0.999996762895
217-218	0.99999970262	0.999999730003	0.999999809827	0.99999982013	0.999999739898	0.999999827329	0.999999812012	0.999999718828	0.999999617169	0.999999605226	0.99999939615	0.999999015007	0.999996762895
218-219	0.999999729655	0.999999742276	0.999999828845	0.99999982013	0.999999739898	0.999999827329	0.999999812012	0.999999753974	0.999999680974	0.999999641115	0.99999939615	0.999999116903	0.999996762895
219-220	0.999999756689	0.999999779093	0.999999847862	0.999999850109	0.999999739898	0.999999870497	0.999999812012	0.999999753974	0.999999712877	0.999999677003	0.99999939615	0.999999184833	0.999997122573
220-221	0.999999783724	0.999999803639	0.999999847862	0.999999850109	0.999999739898	0.999999870497	0.999999812012	0.999999753974	0.999999712877	0.999999677003	0.999999431671	0.999999218799	0.999997482252
221-222	0.999999783724	0.999999815911	0.999999866879	0.999999850109	0.999999739898	0.999999870497	0.999999838867	0.999999789121	0.999999712877	0.999999677003	0.999999467191	0.999999252764	0.999997662091
222-223	0.999999783724	0.999999828184	0.999999904914	0.999999850109	0.999999739898	0.999999870497	0.999999838867	0.999999824267	0.999999712877	0.99999974878	0.999999467191	0.999999252764	0.99999784193
223-224	0.999999783724	0.999999840456	0.999999904914	0.999999850109	0.999999777055	0.999999913664	0.999999838867	0.999999824267	0.999999776682	0.99999974878	0.999999502712	0.999999286729	0.999998021769
224-225	0.999999837793	0.999999852729	0.999999904914	0.999999850109	0.999999777055	0.999999913664	0.999999838867	0.999999824267	0.999999776682	0.999999784669	0.999999538233	0.999999320694	0.999998201608
225-226	0.999999864827	0.999999852729	0.999999904914	0.999999910065	0.999999777055	0.999999913664	0.999999865723	0.999999824267	0.999999808584	0.999999820557	0.999999538233	0.999999320694	0.999998381448
226-227	0.999999918896	0.999999865001	0.999999923931	0.999999910065	0.999999777055	0.999999913664	0.999999865723	0.999999824267	0.999999808584	0.999999820557	0.999999609274	0.999999320694	0.999998381448
227-228	0.999999918896	0.999999877274	0.999999923931	0.999999910065	0.999999777055	0.999999913664	0.999999865723	0.999999824267	0.999999808584	0.999999820557	0.999999609274	0.999999320694	0.999998561287
228-229	0.999999918896	0.999999877274	0.999999923931	0.999999910065	0.999999777055	0.999999913664	0.999999892578	0.999999824267	0.999999840487	0.999999820557	0.999999609274	0.99999935466	0.999998561287
229-230	0.999999918896	0.999999877274	0.999999942948	0.999999910065	0.999999777055	0.999999913664	0.999999892578	0.999999859414	0.999999840487	0.999999820557	0.999999644794	0.999999388625	0.999998741126
230-231	0.999999918896	0.999999877274	0.999999942948	0.999999910065	0.999999777055	0.999999913664	0.999999892578	0.999999859414	0.999999840487	0.999999820557	0.999999644794	0.99999942259	0.999998741126
231-232	0.999999918896	0.999999889547	0.999999942948	0.999999910065	0.999999777055	0.999999956832	0.999999892578	0.999999859414	0.999999840487	0.999999820557	0.999999644794	0.999999490521	0.999998741126
232-233	0.999999945931	0.999999901819	0.999999942948	0.999999910065	0.999999777055	0.999999956832	0.999999919434	0.999999859414	0.99999987239	0.999999820557	0.999999644794	0.999999524486	0.999998920965
233-234	0.999999945931	0.999999901819	0.999999942948	0.999999910065	0.999999777055	0.999999956832	0.999999919434	0.999999859414	0.999999904292	0.999999820557	0.999999680315	0.999999524486	0.999998920965
234-235	0.999999945931	0.999999938637	0.999999942948	0.999999910065	0.999999814213	0.999999956832	0.999999946289	0.999999859414	0.999999904292	0.999999820557	0.999999680315	0.999999558451	0.999998920965
235-236	0.999999945931	0.999999938637	0.999999942948	0.999999940043	0.999999814213	0.999999956832	0.999999946289	0.999999859414	0.999999904292	0.999999820557	0.999999680315	0.999999558451	0.999999100804
236-237	0.999999972965	0.999999938637	0.999999961965	0.999999940043	0.999999814213	0.999999956832	0.999999946289	0.999999859414	0.999999904292	0.999999820557	0.999999680315	0.999999592417	0.999999280643
237-238	0.999999972965	0.99999995091	0.999999961965	0.999999940043	0.999999814213	0.999999956832	0.999999946289	0.999999859414	0.999999904292	0.999999820557	0.999999680315	0.999999626382	0.999999280643
238-239	0.999999972965	0.999999975455	0.999999980983	0.999999940043	0.999999814213	0.999999956832	0.999999946289	0.999999859414	0.999999904292	0.999999820557	0.999999715835	0.999999626382	0.999999460483
239-240	0.999999972965	0.999999975455	0.999999980983	0.999999940043	0.999999814213	0.999999956832	0.999999946289	0.999999859414	0.999999904292	0.999999820557	0.999999751356	0.999999660347	0.999999460483
240-241	0.999999972965	0.999999975455	0.999999980983	0.999999940043	0.999999814213	0.999999956832	0.999999946289	0.999999859414	0.999999904292	0.999999820557	0.999999751356	0.999999694313	0.999999460483
241-242	0.999999972965	0.999999975455	0.999999980983	1.0	0.99999985137	0.999999956832	0.999999946289	0.999999859414	0.999999904292	0.999999856446	0.999999786877	0.999999694313	0.999999460483
242-243	1.0	0.999999975455	0.999999980983	1.0	0.99999985137	0.999999956832	0.999999946289	0.999999859414	0.999999904292	0.999999856446	0.999999822397	0.999999728278	0.999999460483
243-244	1.0	0.999999975455	0.999999980983	1.0	0.99999985137	0.999999956832	0.999999946289	0.999999859414	0.999999904292	0.999999856446	0.999999822397	0.999999762243	0.999999640322
244-245	1.0	0.999999975455	0.999999980983	1.0	0.99999985137	0.999999956832	0.999999946289	0.999999859414	0.999999936195	0.999999856446	0.999999857918	0.999999796208	0.999999640322
245-246	1.0	0.999999975455	0.999999980983	1.0	0.99999985137	0.999999956832	0.999999946289	0.99999989456	0.999999936195	0.999999856446	0.999999857918	0.999999796208	0.999999640322
246-247	1.0	0.999999975455	0.999999980983	1.0	0.99999985137	0.999999956832	0.999999946289	0.999999929707	0.999999936195	0.999999856446	0.999999893438	0.999999796208	0.999999640322
247-248	1.0	0.999999987727	0.999999980983	1.0	0.99999985137	0.999999956832	0.999999946289	0.999999929707	0.999999936195	0.999999856446	0.999999928959	0.999999796208	0.999999640322
248-249	1.0	0.999999987727	0.999999980983	1.0	0.99999985137	0.999999956832	0.999999946289	0.999999929707	0.999999936195	0.999999856446	0.999999928959	0.999999796208	0.999999640322
249-250	1.0	0.999999987727	0.999999980983	1.0	0.99999985137	0.999999956832	0.999999946289	0.999999929707	0.999999936195	0.999999856446	0.999999928959	0.999999864139	0.999999640322
250-251	1.0	0.999999987727	0.999999980983	1.0	0.99999985137	0.999999956832	0.999999946289	0.999999929707	0.999999936195	0.999999856446	0.999999928959	0.999999864139	0.999999640322
251-252	1.0	0.999999987727	1.0	1.0	0.99999985137	0.999999956832	0.999999946289	0.999999929707	0.999999936195	0.999999856446	0.999999928959	0.999999898104	0.999999640322
252-253	1.0	0.999999987727	1.0	1.0	0.999999888528	0.999999956832	0.999999946289	0.999999929707	0.999999936195	0.999999856446	0.999999964479	0.999999898104	0.999999640322
253-254	1.0	0.999999987727	1.0	1.0	0.999999888528	0.999999956832	0.999999946289	0.999999929707	0.999999936195	0.999999892334	0.999999964479	0.999999898104	0.999999640322
254-255	1.0	1.0	1.0	1.0	0.999999888528	1.0	0.999999946289	0.999999929707	0.999999936195	0.999999892334	0.999999964479	0.999999932069	0.999999640322
255-256	1.0	1.0	1.0	1.0	0.999999888528	1.0	0.999999946289	0.999999929707	0.999999936195	0.999999892334	0.999999964479	0.999999932069	0.999999640322
256-257	1.0	1.0	1.0	1.0	0.999999888528	1.0	0.999999946289	0.999999964853	0.999999936195	0.999999892334	0.999999964479	0.999999932069	0.999999640322
257-258	1.0	1.0	1.0	1.0	0.999999888528	1.0	0.999999946289	0.999999964853	0.999999936195	0.999999892334	0.999999964479	0.999999932069	0.999999640322
258-259	1.0	1.0	1.0	1.0	0.999999888528	1.0	0.999999946289	0.999999964853	0.999999936195	0.999999928223	0.999999964479	0.999999932069	0.999999820161
259-260	1.0	1.0	1.0	1.0	0.999999925685	1.0	0.999999946289	0.999999964853	0.999999936195	0.999999928223	0.999999964479	0.999999932069	0.999999820161
260-261	1.0	1.0	1.0	1.0	0.999999925685	1.0	0.999999946289	0.999999964853	0.999999968097	0.999999928223	0.999999964479	0.999999932069	0.999999820161
261-262	1.0	1.0	1.0	1.0	0.999999925685	1.0	0.999999946289	0.999999964853	1.0	0.999999928223	0.999999964479	0.999999932069	0.999999820161
262-263	1.0	1.0	1.0	1.0	0.999999925685	1.0	0.999999946289	0.999999964853	1.0	0.999999964111	0.999999964479	0.999999932069	0.999999820161
263-264	1.0	1.0	1.0	1.0	0.999999925685	1.0	0.999999946289	0.999999964853	1.0	0.999999964111	0.999999964479	0.999999932069	0.999999820161
264-265	1.0	1.0	1.0	1.0	0.999999925685	1.0	0.999999946289	0.999999964853	1.0	0.999999964111	0.999999964479	0.999999932069	0.999999820161
265-266	1.0	1.0	1.0	1.0	0.999999925685	1.0	0.999999946289	0.999999964853	1.0	0.999999964111	0.999999964479	0.999999932069	1.0
266-267	1.0	1.0	1.0	1.0	0.999999925685	1.0	0.999999946289	0.999999964853	1.0	0.999999964111	0.999999964479	0.999999932069	1.0
267-268	1.0	1.0	1.0	1.0	0.999999925685	1.0	0.999999946289	0.999999964853	1.0	0.999999964111	0.999999964479	0.999999932069	1.0
268-269	1.0	1.0	1.0	1.0	0.999999925685	1.0	0.999999946289	0.999999964853	1.0	0.999999964111	0.999999964479	0.999999932069	1.0
269-270	1.0	1.0	1.0	1.0	0.999999962843	1.0	0.999999946289	0.999999964853	1.0	0.999999964111	0.999999964479	0.999999932069	1.0
270-271	1.0	1.0	1.0	1.0	0.999999962843	1.0	0.999999946289	0.999999964853	1.0	0.999999964111	0.999999964479	0.999999932069	1.0
271-272	1.0	1.0	1.0	1.0	0.999999962843	1.0	0.999999946289	0.999999964853	1.0	0.999999964111	0.999999964479	0.999999932069	1.0
272-273	1.0	1.0	1.0	1.0	0.999999962843	1.0	0.999999946289	0.999999964853	1.0	0.999999964111	0.999999964479	0.999999932069	1.0
273-274	1.0	1.0	1.0	1.0	0.999999962843	1.0	0.999999946289	0.999999964853	1.0	0.999999964111	0.999999964479	0.999999966035	1.0
274-275	1.0	1.0	1.0	1.0	0.999999962843	1.0	0.999999946289	0.999999964853	1.0	0.999999964111	0.999999964479	0.999999966035	1.0
275-276	1.0	1.0	1.0	1.0	0.999999962843	1.0	0.999999946289	0.999999964853	1.0	0.999999964111	0.999999964479	0.999999966035	1.0
276-277	1.0	1.0	1.0	1.0	0.999999962843	1.0	0.999999946289	0.999999964853	1.0	0.999999964111	0.999999964479	0.999999966035	1.0
277-278	1.0	1.0	1.0	1.0	0.999999962843	1.0	0.999999946289	0.999999964853	1.0	0.999999964111	0.999999964479	0.999999966035	1.0
278-279	1.0	1.0	1.0	1.0	1.0	1.0	0.999999973145	0.999999964853	1.0	0.999999964111	0.999999964479	0.999999966035	1.0
279-280	1.0	1.0	1.0	1.0	1.0	1.0	0.999999973145	1.0	1.0	0.999999964111	0.999999964479	0.999999966035	1.0
280-281	1.0	1.0	1.0	1.0	1.0	1.0	0.999999973145	1.0	1.0	0.999999964111	0.999999964479	0.999999966035	1.0
281-282	1.0	1.0	1.0	1.0	1.0	1.0	0.999999973145	1.0	1.0	0.999999964111	0.999999964479	0.999999966035	1.0
282-283	1.0	1.0	1.0	1.0	1.0	1.0	0.999999973145	1.0	1.0	0.999999964111	0.999999964479	0.999999966035	1.0
283-284	1.0	1.0	1.0	1.0	1.0	1.0	0.999999973145	1.0	1.0	0.999999964111	0.999999964479	0.999999966035	1.0
284-285	1.0	1.0	1.0	1.0	1.0	1.0	0.999999973145	1.0	1.0	0.999999964111	0.999999964479	0.999999966035	1.0
285-286	1.0	1.0	1.0	1.0	1.0	1.0	0.999999973145	1.0	1.0	0.999999964111	0.999999964479	0.999999966035	1.0
286-287	1.0	1.0	1.0	1.0	1.0	1.0	1.0	1.0	1.0	0.999999964111	0.999999964479	0.999999966035	1.0
287-288	1.0	1.0	1.0	1.0	1.0	1.0	1.0	1.0	1.0	0.999999964111	0.999999964479	0.999999966035	1.0
288-289	1.0	1.0	1.0	1.0	1.0	1.0	1.0	1.0	1.0	0.999999964111	0.999999964479	0.999999966035	1.0
289-290	1.0	1.0	1.0	1.0	1.0	1.0	1.0	1.0	1.0	0.999999964111	0.999999964479	0.999999966035	1.0
290-291	1.0	1.0	1.0	1.0	1.0	1.0	1.0	1.0	1.0	1.0	0.999999964479	0.999999966035	1.0
291-292	1.0	1.0	1.0	1.0	1.0	1.0	1.0	1.0	1.0	1.0	0.999999964479	0.999999966035	1.0
292-293	1.0	1.0	1.0	1.0	1.0	1.0	1.0	1.0	1.0	1.0	0.999999964479	0.999999966035	1.0
293-294	1.0	1.0	1.0	1.0	1.0	1.0	1.0	1.0	1.0	1.0	0.999999964479	0.999999966035	1.0
294-295	1.0	1.0	1.0	1.0	1.0	1.0	1.0	1.0	1.0	1.0	0.999999964479	0.999999966035	1.0
295-296	1.0	1.0	1.0	1.0	1.0	1.0	1.0	1.0	1.0	1.0	0.999999964479	0.999999966035	1.0
296-297	1.0	1.0	1.0	1.0	1.0	1.0	1.0	1.0	1.0	1.0	1.0	0.999999966035	1.0
297-298	1.0	1.0	1.0	1.0	1.0	1.0	1.0	1.0	1.0	1.0	1.0	0.999999966035	1.0
298-299	1.0	1.0	1.0	1.0	1.0	1.0	1.0	1.0	1.0	1.0	1.0	0.999999966035	1.0
299-300	1.0	1.0	1.0	1.0	1.0	1.0	1.0	1.0	1.0	1.0	1.0	0.999999966035	1.0
300-301	1.0	1.0	1.0	1.0	1.0	1.0	1.0	1.0	1.0	1.0	1.0	0.999999966035	1.0
301-302	1.0	1.0	1.0	1.0	1.0	1.0	1.0	1.0	1.0	1.0	1.0	0.999999966035	1.0
302-303	1.0	1.0	1.0	1.0	1.0	1.0	1.0	1.0	1.0	1.0	1.0	1.0	1.0
